.Random.seed <-
c(403L, 128L, -1773012319L, 1738112474L, 120684042L, -1601456904L, 
1119064629L, -148916491L, 1746388322L, -1666834766L, 1692031921L, 
-1214203110L, -1426108040L, -197658967L, 68784179L, 1843418449L, 
1233450545L, -2096626632L, -726857026L, -1560550809L, -1815154053L, 
-1579017349L, -733787148L, 1955102136L, 384357267L, 1989414345L, 
-919735104L, 669569445L, -1338285049L, 207470570L, -852257224L, 
1115275418L, -218853696L, 627784573L, 618527255L, 1936716384L, 
571497416L, 2005456510L, 1348075731L, 1346610307L, -34299188L, 
-361585964L, 565499167L, 698593248L, -1954481202L, 1343121095L, 
-782521007L, -422162601L, -2141143837L, -1680488126L, 722501644L, 
1798221309L, -1832987479L, -449000431L, 3032826L, -200087250L, 
-1809249051L, -363977709L, 816491526L, -858100997L, 1419499061L, 
-1931353632L, -1548760578L, 1962565456L, 1903969954L, -256021081L, 
713090117L, -185402034L, -2004316298L, 697253684L, -1157545967L, 
-14009879L, 1139566910L, -1922740834L, -532773507L, 1433949614L, 
1368449180L, 541736157L, -832488305L, 1972187645L, -685794611L, 
-1310150284L, 1001266138L, 1661116083L, -1333609473L, -625407281L, 
816375896L, 1089585700L, 2030661847L, 942347325L, -378668796L, 
-1001304879L, 2079770627L, -1205467066L, -828711748L, -646998482L, 
1851377924L, -1730239103L, 1532674155L, -30403276L, 485844900L, 
752016906L, -1779044721L, -592105449L, 579093576L, -187376640L, 
-881987461L, 1248527636L, -269472398L, -1397336773L, 1055865469L, 
-593619293L, -1634386321L, 1146757326L, 1607342440L, 1618304786L, 
1349529565L, -681447892L, 1026529835L, 2060666406L, -496842564L, 
556516651L, -648521738L, -1109158098L, -96492073L, 816363991L, 
362091633L, -2044682458L, -1188982867L, -384808051L, -2083418893L, 
-1520068211L, 1268241966L, -1750118491L, -154632780L, 2026580053L, 
927816043L, -788104278L, -16284143L, 1295060159L, -1018192350L, 
571903318L, -1759524356L, -1447093561L, -1309175266L, -772915958L, 
303419408L, 1226538156L, 1016041515L, 644754706L, -690123919L, 
1928685252L, 1073058486L, 955536997L, 990853884L, -924767396L, 
-1290758095L, -715438191L, 312695771L, 493881976L, -958226037L, 
-862771493L, -834764131L, 731506863L, 1896638388L, -1798707493L, 
686829194L, 434424891L, -1089948051L, -2063179756L, 635639367L, 
-1995406403L, 241662172L, -1396644698L, 1234022774L, 1402037316L, 
-1222114591L, -980875072L, 1377282368L, 378555193L, 1939154214L, 
-2034965758L, -2009672069L, 651812531L, 1694263185L, 2023257011L, 
-599011244L, 1631764441L, -1481288176L, 354689229L, -494748291L, 
649512383L, -1569355524L, 1158801017L, 1592969605L, 1869533782L, 
1359570653L, 1879625235L, 596312164L, 280195832L, 1950711334L, 
-354063718L, 1275068787L, -75514672L, -1209265467L, -1357751692L, 
-559385968L, 376746294L, 1520829063L, 2052225966L, -1933908290L, 
515374783L, -1339603480L, -204597004L, 652260993L, 1003628865L, 
-794107189L, -550946731L, -2055607090L, -1149932197L, -164922306L, 
-1106978765L, -716890585L, 139886841L, -371873630L, -1920181497L, 
2016677779L, 628028676L, 1308502343L, 273116981L, 206522850L, 
2060350334L, 236687992L, 1786288892L, 521889933L, 621552098L, 
-995855869L, -1641781254L, -1032955622L, -703327712L, 483343533L, 
568731724L, -203625548L, 1717243869L, -671942702L, 388090598L, 
-600050065L, -1964058377L, 133947005L, -351435177L, -165894696L, 
1119252645L, 930615108L, 1831496257L, 1874205249L, -1683091013L, 
-1378408952L, -1532011899L, -989591511L, -1944842710L, 2035843785L, 
-1184806377L, 352832104L, 1900833628L, -585225166L, 998633310L, 
-1857136985L, -1934444116L, -1543004695L, -706767800L, 154232612L, 
-70956430L, -1554747021L, -666035190L, 1178969506L, -1473665725L, 
-1064958380L, -15317352L, 1583822325L, -463120987L, 489853911L, 
1603842841L, 1167838994L, -1284998745L, 1062473136L, -1369615921L, 
1580562064L, -37713232L, 968583952L, 1188760598L, -1174771887L, 
368928854L, 59686456L, -1444925286L, 1101692948L, 592819284L, 
-477865131L, 1825786698L, 1238051066L, 134124403L, 623811927L, 
631023392L, -515930525L, -1022375257L, -852472803L, 253579935L, 
-571368888L, -202675627L, 1619892199L, -496262717L, -858879817L, 
198149135L, 1285944478L, -169745409L, -124380135L, 741581402L, 
-130171210L, 1299183937L, 1955137474L, -1570250274L, 1608493230L, 
421576240L, 1440050631L, 836992172L, 62120530L, -132347308L, 
1727645602L, -508493062L, -152689509L, 775619108L, 1966733788L, 
1456226257L, 1199174129L, 1420573910L, -110058607L, 1126155009L, 
675518607L, -280605483L, 51929538L, -2019642449L, -432471739L, 
-117011191L, -1759476759L, -2004241839L, -1352274584L, 896525709L, 
-570711289L, -1648654156L, 1197574940L, -561519285L, 392502028L, 
1397935548L, 2029834540L, 1813204130L, 584412933L, -848947462L, 
-1293380900L, -464420666L, 302267584L, -922784760L, -1737934103L, 
-375299450L, -774507930L, 145212719L, -1657733373L, -284466860L, 
-884441849L, 781373547L, 568801417L, -303362933L, 512679956L, 
-1942147127L, -622331477L, 1001609551L, -205871637L, -454298653L, 
724295466L, -295188429L, -2105134019L, 791113086L, 299497738L, 
185033077L, 339350102L, 192809346L, -602676622L, 2144323940L, 
-483016045L, -564545224L, -1152954034L, -602979688L, -1830824010L, 
-1306243658L, -1844005273L, 299225944L, -2018563312L, -644871803L, 
-333382395L, 661141410L, 581515165L, -496178643L, -1680108987L, 
461122489L, -180048693L, -23665634L, -386802247L, 372124871L, 
-1200888398L, -1416642966L, -1492023186L, -952659019L, -270788390L, 
1087084249L, 1820894828L, -696899183L, -2058606981L, 1951173667L, 
1487486470L, -377294826L, -1840345556L, -1836785949L, 88444176L, 
746293632L, -1100139677L, -938375181L, 984760775L, 2142278390L, 
-1783807981L, 325853210L, -656314109L, 323283894L, 1590692688L, 
193678732L, -1637904349L, -1080788729L, -758722227L, 22285416L, 
199930871L, -1183217647L, -2132770056L, 1084188368L, -1822740028L, 
1978955115L, -1932386760L, -1436497237L, -1292590902L, -961075185L, 
1661512969L, 2047830973L, -1948134184L, -925096512L, -1436425958L, 
-1723533463L, -1458208822L, 1380978334L, -1951569483L, -1716318035L, 
456154185L, 1001325512L, -2073314443L, 1603735656L, 2102327461L, 
333673712L, -618967566L, 1395021306L, -406868767L, -803527219L, 
998340871L, 1026423362L, 730619221L, -1410485589L, -765741178L, 
1122350526L, 1224991570L, -542110903L, 99371526L, 1629808693L, 
-1028800192L, -1887594587L, -1974441401L, -1110663281L, 1268209338L, 
1749474066L, 596037096L, -881432209L, -412300700L, -1073755620L, 
1436756967L, -377041169L, -1825697989L, 265175834L, -1238189649L, 
-1345708858L, 1946384391L, -1963397006L, 1574599684L, 1016915680L, 
-2131823481L, 1227129859L, 640482033L, -1839120524L, -300813445L, 
545255357L, 881657604L, 1531429660L, -1584409376L, 763516615L, 
124088844L, 334647359L, 7313590L, 1041468363L, 1006574157L, -1731739165L, 
-2046114340L, 729323359L, 825723467L, 217491203L, 21299459L, 
-1823639292L, -1959750433L, -300859190L, -1461646074L, 152512502L, 
-538149025L, -1568051427L, 533242699L, 24198959L, -2008195149L, 
-1826804138L, 2100840803L, -1940275860L, 808102856L, -1579115214L, 
1314860086L, -1904479697L, 663695566L, -1335187269L, -1825483777L, 
-1320694855L, -480489642L, 1417544326L, -1294502304L, -1695915012L, 
-1747528056L, 694901957L, 1507947802L, 298474729L, 104138317L, 
381327297L, 1507065481L, 481023634L, -2021822567L, -1173798852L, 
-782455520L, 661182080L, 1169275089L, -1905372233L, 127536509L, 
910609433L, -571193375L, -525856152L, 2024882449L, -1708491674L, 
-1649820950L, 1070044176L, -1783542404L, 915258461L, 1798287352L, 
1587928141L, -6204295L, -1435685400L, 503174360L, 1522896513L, 
-1993795561L, -1231036054L, 828983315L, 1062412579L, 1862773516L, 
2018589778L, -1241062999L, -1998761412L, -1634908004L, 1566155258L, 
1270636976L, -795349360L, 904012496L, 1389411781L, 610355503L, 
444498684L, 2058053574L, -1901537853L, -97703106L, -261225494L, 
1615853511L, -1149785987L, -2134680802L, -1144026287L, 832865797L, 
1809144549L, 1811521797L, -1040730739L, -1776248867L, -2146209746L, 
